Multiple size <= 100
TEST 1 ARG:39 41 85 70 95 67 9 34 32 78 93 18 88 98 24 72 48 80 42 47 86 44 58 50 76 46 92 49 90 79 71 3 75 36 13 65 91 10 53 40 68 66 35 33 52 96 55 43 63 30 22 54 73 17 4 84 62 37 29 60 1 12 5 27 83 61 89 94 11 81 7 45 38 82 97 23 16 8 2 25 56 28 59 0 15 6 31 20 99 14 64 74 21 77 19 69 26 51 87 57 
TEST 2 ARG:23 14 4 98 21 35 75 63 85 47 38 2 11 48 12 55 59 15 93 74 28 87 46 68 45 10 83 24 18 61 70 58 34 82 56 88 0 96 6 80 43 69 36 19 8 77 41 44 5 53 49 81 7 39 37 57 62 95 40 72 86 66 84 1 65 33 17 25 52 31 20 30 89 42 91 3 78 60 92 71 90 50 97 16 51 22 9 32 27 29 99 79 54 67 76 26 73 13 64 94 
TEST 3 ARG:20 71 67 62 87 53 47 37 72 39 45 24 81 76 9 38 48 92 33 51 85 1 75 57 60 19 31 42 17 99 3 69 30 82 44 46 29 73 70 77 98 56 96 32 68 61 65 86 7 59 97 6 88 27 13 50 12 11 95 0 18 63 26 80 21 83 25 91 36 8 10 15 78 2 28 89 90 84 43 74 54 22 94 41 66 14 79 40 5 55 34 23 93 49 16 4 52 35 64 58 
TEST 4 ARG:83 80 4 15 67 64 79 2 23 61 50 17 27 92 62 34 73 45 25 10 13 71 30 91 86 93 41 1 19 88 20 44 49 72 31 66 60 42 12 97 5 81 24 96 84 11 3 70 33 99 39 6 29 95 48 46 36 37 59 28 38 89 26 14 78 47 43 21 63 8 85 18 94 52 68 69 32 75 98 82 90 65 77 54 57 74 87 35 58 0 76 55 51 7 16 22 56 40 9 53 
TEST 5 ARG:20 24 96 34 78 67 87 25 68 48 71 88 21 37 5 11 81 4 57 23 98 65 49 22 12 31 90 99 18 93 3 58 50 84 28 45 15 44 97 13 14 83 0 27 62 43 72 74 61 42 39 89 85 1 8 69 54 70 46 77 64 17 7 86 6 38 91 76 30 95 29 2 53 59 63 75 35 79 41 47 80 19 26 73 94 55 66 56 82 10 60 92 36 16 51 33 52 40 9 32 
TEST 6 ARG:13 2 8 98 35 38 64 47 95 61 84 66 34 67 25 20 74 7 11 36 68 49 87 93 32 52 23 51 41 17 46 91 85 1 43 86 99 92 73 75 10 76 59 79 57 54 53 58 5 94 65 14 88 0 18 48 30 24 6 50 33 27 3 21 16 97 82 89 37 77 90 70 12 40 62 78 4 83 26 60 29 69 81 19 56 28 45 9 63 72 96 31 80 44 15 42 22 55 39 71 
TEST 7 ARG:10 20 4 64 61 2 81 91 65 42 99 32 51 73 39 18 77 1 68 3 19 56 29 96 89 43 66 87 12 52 27 78 33 44 74 6 79 22 31 26 5 8 71 37 72 46 84 75 67 60 7 34 93 97 40 76 30 45 88 59 54 50 90 57 69 17 85 41 86 28 48 55 16 58 14 95 25 21 63 82 92 94 11 98 49 80 9 0 35 23 36 83 15 38 47 24 13 53 70 62 
TEST 8 ARG:72 40 8 14 70 84 71 76 24 46 12 58 25 75 79 49 7 41 78 92 82 59 51 45 54 60 10 77 83 85 48 73 61 36 27 63 18 35 80 62 67 26 37 43 6 20 99 57 66 28 15 90 68 11 86 47 42 39 17 96 33 50 97 31 74 55 22 2 93 29 9 4 19 65 23 64 16 56 1 52 30 44 89 32 94 81 21 38 87 69 0 13 5 95 98 3 53 88 91 34 
TEST 9 ARG:49 28 31 82 30 36 62 11 61 78 79 94 34 17 64 45 54 46 5 40 0 89 50 68 12 88 18 56 75 57 48 74 42 35 20 77 14 84 3 43 2 76 51 24 70 87 1 16 97 41 33 93 19 7 69 59 27 10 52 55 44 38 23 37 21 47 8 91 80 13 60 29 96 90 95 22 99 81 32 39 9 71 25 86 26 53 67 92 58 85 72 63 65 98 83 66 6 4 73 15 
TEST 10 ARG:30 2 28 74 57 85 13 99 68 56 78 29 36 17 67 19 14 89 84 64 53 92 82 96 1 46 4 94 42 63 66 79 40 93 43 83 72 71 23 81 62 70 15 60 5 9 18 25 27 16 76 41 35 31 87 65 58 86 91 73 98 97 21 12 0 47 10 80 22 51 95 77 45 52 24 69 49 54 59 32 61 34 3 7 6 44 20 39 88 26 37 50 11 55 75 8 48 90 38 33 
TEST 11 ARG:95 82 6 98 48 36 26 28 51 59 77 86 72 76 93 8 31 61 39 21 44 9 20 18 67 62 63 58 87 78 80 90 41 45 5 69 96 84 19 85 54 57 66 79 56 94 40 43 46 75 99 92 30 27 32 42 24 1 71 65 12 0 37 97 34 29 89 83 10 14 68 88 70 2 50 23 74 13 81 47 22 17 53 73 49 11 4 91 7 64 52 35 16 38 15 33 55 25 60 3 
TEST 12 ARG:83 84 58 15 94 92 65 32 76 24 60 26 34 21 73 48 46 86 18 70 22 85 74 80 23 51 29 7 31 63 68 25 56 64 13 40 77 5 35 78 39 79 9 36 61 52 3 67 72 59 49 45 87 4 53 8 98 14 38 37 57 99 95 33 71 66 28 41 90 19 43 20 62 75 88 55 2 44 54 96 27 6 0 16 97 82 89 91 42 17 10 30 47 12 69 50 93 81 1 11 
TEST 13 ARG:89 86 42 60 21 12 30 37 72 9 48 36 81 93 4 78 85 25 99 65 63 20 92 19 52 80 2 34 97 66 28 39 17 74 55 26 15 24 91 44 16 33 77 51 62 53 70 79 46 82 90 96 29 13 3 95 18 87 73 27 50 94 64 7 41 8 69 5 56 23 57 71 38 11 6 76 98 31 32 67 22 59 68 58 83 88 49 54 84 75 40 43 10 1 47 61 14 0 35 45 
TEST 14 ARG:5 29 66 94 15 46 40 7 21 79 63 13 97 92 22 80 19 98 26 62 47 6 36 10 16 17 96 9 39 48 8 71 31 82 32 45 3 74 65 70 35 24 85 49 51 67 12 14 76 54 61 41 81 60 23 50 83 55 38 89 75 4 25 59 57 52 34 86 84 11 78 1 37 87 18 90 77 64 56 99 88 93 42 43 2 20 27 69 73 58 33 53 30 28 44 91 72 68 95 0 
TEST 15 ARG:3 2 21 16 37 40 1 92 22 8 28 81 68 88 98 78 82 12 42 33 96 61 9 89 94 10 41 53 57 62 44 93 79 52 24 66 6 25 54 31 11 49 80 95 4 72 90 48 46 34 30 63 38 64 77 60 84 87 59 35 0 45 15 55 70 27 99 39 47 71 43 7 74 32 29 13 75 51 69 85 14 20 76 5 50 91 18 36 17 83 23 73 26 86 56 65 67 19 58 97 
TEST 16 ARG:64 41 34 74 4 0 60 36 83 40 78 49 33 76 13 9 55 88 68 6 38 45 32 1 47 98 89 2 35 58 84 94 10 51 5 56 82 23 65 66 18 14 22 52 8 71 24 96 25 85 39 73 87 95 93 75 30 70 28 42 72 63 27 92 99 26 90 67 7 20 31 46 79 19 15 21 12 97 44 37 54 91 59 53 43 48 29 3 16 17 81 50 11 61 57 69 80 77 62 86 
TEST 17 ARG:38 17 58 59 12 80 53 63 14 27 26 54 33 7 89 96 32 71 4 73 5 57 43 70 85 0 60 91 95 90 46 11 35 92 34 15 86 64 18 66 94 30 48 78 55 88 87 56 77 6 8 68 3 19 10 21 67 45 93 2 37 44 36 50 25 39 22 28 65 79 40 42 81 29 97 82 98 47 41 16 76 72 61 62 1 51 9 23 99 13 49 31 24 83 84 75 52 69 74 20 
TEST 18 ARG:54 73 62 5 59 10 86 88 79 93 85 55 42 61 26 72 58 28 33 63 60 44 83 69 78 2 24 92 97 21 7 31 68 39 64 84 27 71 98 20 56 89 48 22 40 3 95 17 19 74 38 80 29 35 67 11 66 16 37 87 50 15 43 46 23 53 81 75 94 1 57 70 6 90 41 77 18 34 65 9 25 30 13 0 8 36 47 99 76 49 91 51 12 45 52 14 82 96 32 4 
TEST 19 ARG:12 62 98 39 71 79 43 56 4 50 83 29 21 40 45 78 89 48 76 68 54 18 6 73 3 51 90 34 14 22 95 88 38 94 86 27 53 0 85 37 31 5 65 23 81 58 42 11 1 93 28 82 7 97 96 2 24 46 60 52 69 30 9 63 13 70 59 49 36 61 8 77 84 17 32 99 55 66 41 10 47 80 91 15 16 26 67 87 57 72 33 44 19 64 92 75 74 35 20 25 
TEST 20 ARG:90 74 5 18 65 95 84 94 86 24 41 38 44 43 37 97 76 25 32 1 88 36 72 82 17 47 81 68 50 87 75 77 23 99 33 35 27 16 15 51 3 89 39 73 8 14 22 30 34 96 26 0 78 2 55 79 64 67 13 45 85 52 21 29 12 10 63 58 53 28 19 6 57 71 54 9 11 49 91 42 56 20 80 66 62 48 61 7 69 40 31 60 70 93 4 46 59 83 98 92 
TEST 21 ARG:58 82 6 37 44 2 55 13 62 68 14 8 23 53 92 83 95 0 89 41 77 39 52 38 12 27 20 25 35 21 61 28 99 17 22 67 90 97 9 16 49 66 11 45 80 74 34 59 88 4 42 5 75 31 65 15 70 50 30 71 56 54 24 10 1 43 64 18 7 36 47 60 86 98 3 81 29 72 57 76 87 85 32 51 91 26 93 69 79 63 46 94 33 78 48 73 19 84 40 96 
TEST 22 ARG:90 71 37 58 1 82 32 6 67 39 84 25 33 89 4 94 74 77 97 92 0 53 5 43 13 40 42 95 31 62 87 52 93 99 54 8 44 36 65 80 23 45 18 47 78 69 73 60 11 15 98 29 17 28 2 10 96 22 19 38 68 7 30 41 46 72 63 21 20 86 24 12 75 70 56 83 51 64 76 85 79 49 59 26 3 16 48 91 81 88 57 55 61 34 27 66 14 50 9 35 
TEST 23 ARG:29 4 30 36 87 7 97 93 80 42 51 81 10 55 40 5 27 16 0 50 59 45 49 25 32 61 57 67 33 78 37 46 53 89 8 23 19 28 56 14 95 73 66 13 65 98 9 44 70 86 88 15 39 6 58 35 2 94 22 52 76 91 62 83 84 96 75 41 77 11 1 71 90 68 48 20 17 43 72 31 54 82 69 63 21 74 79 18 3 92 34 85 26 24 12 60 64 47 38 99 
TEST 24 ARG:30 65 52 45 85 0 81 97 15 23 61 35 20 51 96 66 34 98 14 25 82 11 28 48 21 55 93 60 38 79 76 62 68 80 59 16 75 46 18 77 87 56 83 29 72 88 9 47 33 4 39 92 95 36 84 67 70 90 8 22 19 50 5 63 94 64 13 32 49 54 44 12 24 1 41 10 40 27 86 53 99 17 7 3 73 58 6 37 2 31 74 26 69 71 42 78 57 89 91 43 
TEST 25 ARG:61 51 67 24 0 76 34 99 98 94 84 22 45 97 43 15 86 85 88 79 63 40 95 60 89 3 50 69 19 23 96 35 4 2 26 52 9 81 1 37 93 90 25 33 54 65 7 46 32 28 14 41 87 68 12 70 29 73 75 78 30 56 82 71 72 77 27 36 92 21 39 47 57 83 58 53 17 42 20 66 10 44 11 62 8 31 38 13 55 49 80 59 16 91 48 5 64 74 18 6 
TEST 26 ARG:40 46 73 65 18 78 52 49 85 8 71 54 56 15 53 6 29 9 94 44 92 61 76 1 97 84 69 34 41 5 82 51 22 24 11 64 37 19 95 30 20 42 91 35 66 14 38 88 77 58 4 83 60 31 79 68 96 39 50 72 93 80 47 74 59 99 7 16 13 21 90 43 17 45 33 25 32 89 86 75 23 27 63 70 3 36 0 2 57 81 12 28 98 67 87 55 10 48 26 62 
TEST 27 ARG:34 26 91 77 6 51 79 11 59 10 74 85 99 16 76 67 78 20 31 72 22 48 0 17 54 38 65 50 32 42 62 47 57 63 89 58 56 24 3 55 69 36 45 39 41 8 95 70 61 68 82 33 96 84 27 30 25 73 7 46 44 23 71 1 97 94 9 12 2 92 40 4 35 66 53 21 87 83 90 13 93 64 81 15 14 80 18 28 98 86 19 75 43 52 60 37 88 29 49 5 
TEST 28 ARG:59 22 24 29 13 89 42 6 5 83 15 54 38 55 91 66 33 63 28 92 18 78 86 52 56 46 4 58 95 34 90 97 57 47 19 10 41 81 65 87 77 0 74 1 8 96 93 85 16 45 88 35 99 72 69 76 75 20 68 60 21 2 67 49 11 31 17 43 50 82 61 3 36 98 12 39 73 25 40 64 51 53 32 44 71 79 62 14 80 23 84 27 70 48 37 30 26 7 94 9 
TEST 29 ARG:29 37 61 33 85 10 78 71 7 86 99 4 81 66 36 5 39 19 46 83 63 54 23 75 41 68 58 2 11 40 69 31 6 32 14 65 72 15 43 84 56 16 0 8 30 27 57 35 92 51 91 77 13 49 24 17 98 50 93 3 53 28 22 12 70 80 38 18 26 67 60 76 48 62 87 55 9 88 79 97 64 59 96 20 1 73 90 25 74 94 47 52 34 44 82 42 21 95 45 89 
TEST 30 ARG:21 2 74 40 76 5 54 71 89 7 15 81 93 60 85 3 98 49 37 38 51 88 50 10 24 45 13 83 23 72 34 57 18 48 39 79 67 62 59 16 66 32 25 80 19 73 47 53 77 41 90 97 4 68 26 31 20 42 96 12 8 63 87 46 91 1 0 29 99 56 82 75 84 27 9 52 17 58 70 43 86 14 95 61 94 22 78 30 65 69 33 55 28 36 6 35 92 44 64 11 
TEST 31 ARG:81 39 38 91 79 32 85 58 21 16 54 70 2 17 12 14 33 86 82 1 0 61 99 80 25 22 15 5 77 6 31 8 11 44 89 7 36 4 46 74 64 34 48 19 90 53 73 42 69 60 66 3 56 26 68 52 28 62 9 50 13 72 98 93 29 92 67 45 84 83 65 94 75 57 96 10 18 30 23 78 43 71 88 20 35 76 47 55 97 40 49 37 95 87 51 41 27 63 59 24 
TEST 32 ARG:5 16 6 85 98 68 41 79 11 57 99 89 86 15 19 39 29 21 92 58 50 80 59 18 76 37 43 55 36 0 7 14 78 91 51 35 10 40 62 49 69 26 65 88 60 72 38 2 52 77 47 56 54 71 13 73 32 61 84 95 30 44 63 87 45 83 27 23 28 34 33 31 64 53 24 90 97 46 67 96 48 22 81 25 20 42 9 3 74 12 75 66 4 94 70 1 82 93 17 8 
TEST 33 ARG:18 11 4 29 94 79 31 97 5 17 46 21 8 86 56 14 72 15 76 7 47 44 13 53 40 20 70 23 43 71 93 85 25 49 58 35 73 82 41 91 28 62 45 69 68 99 33 27 96 26 36 54 19 34 63 81 65 66 6 61 95 22 84 24 51 1 92 10 59 83 9 55 67 74 52 64 57 39 75 80 32 0 98 88 50 87 38 42 2 89 90 48 78 37 12 60 30 3 16 77 
TEST 34 ARG:24 56 41 27 34 65 73 40 1 53 17 15 3 89 70 32 85 83 47 5 51 43 50 82 64 71 23 29 30 8 63 20 60 37 9 0 48 16 87 61 81 19 31 94 46 57 84 2 99 12 26 14 39 95 54 66 67 35 75 42 68 18 86 58 69 38 44 97 11 45 10 36 33 28 21 78 90 72 77 93 7 6 80 4 98 13 76 62 96 74 91 92 22 79 88 59 52 55 49 25 
TEST 35 ARG:18 46 63 58 34 72 53 85 20 30 25 19 9 31 57 47 40 60 73 59 96 52 28 37 15 3 7 67 2 10 65 16 1 5 29 77 27 69 74 93 41 84 97 66 62 68 78 76 44 56 79 98 35 8 82 38 88 45 86 81 87 21 64 90 24 36 22 99 0 83 51 42 91 13 89 17 43 11 39 80 4 50 70 12 26 54 49 14 95 23 71 61 94 92 32 6 33 55 75 48 
TEST 36 ARG:86 50 98 32 65 0 80 95 8 30 3 58 14 25 35 29 15 20 78 64 85 7 11 13 17 47 33 72 31 59 83 18 94 46 10 23 9 89 82 43 45 16 93 42 26 62 97 70 40 53 67 1 38 51 91 55 57 60 39 44 68 63 5 28 37 79 81 96 99 6 77 41 73 90 54 61 24 34 66 92 71 69 49 4 76 36 52 48 74 56 87 22 12 2 19 21 75 27 84 88 
TEST 37 ARG:57 37 19 16 25 64 26 22 20 96 84 60 95 65 17 41 52 31 88 67 8 49 86 0 39 77 35 76 32 5 94 13 81 92 93 51 1 21 11 28 53 72 44 54 89 10 55 80 87 66 42 34 62 23 75 40 4 56 48 30 70 2 18 98 46 29 36 9 33 38 90 58 50 85 82 68 43 14 45 7 61 74 24 83 47 3 63 73 99 97 27 79 6 69 59 78 91 15 12 71 
TEST 38 ARG:95 67 88 42 69 21 4 74 98 49 1 92 80 51 66 76 12 35 26 38 24 61 56 77 60 47 15 3 57 89 64 72 52 20 10 82 36 39 73 79 50 54 22 41 31 99 85 44 81 86 14 58 13 71 46 84 40 2 45 90 17 11 91 53 16 18 33 97 83 9 29 70 32 48 68 6 28 94 37 43 55 96 87 8 78 19 59 5 34 30 25 75 63 65 62 7 93 0 27 23 
TEST 39 ARG:19 65 37 35 63 94 69 34 38 0 81 54 74 40 11 68 61 62 17 56 93 16 24 8 45 78 64 98 50 73 36 48 92 58 53 72 47 84 82 77 90 15 6 25 57 79 67 28 9 97 42 7 27 96 39 33 95 80 41 89 13 14 66 3 75 2 59 31 5 52 91 30 26 87 29 21 46 43 49 12 88 51 32 23 99 71 1 60 83 20 22 44 4 86 70 55 85 10 18 76 
TEST 40 ARG:44 1 23 64 93 78 85 68 80 50 59 36 66 40 46 20 71 47 82 57 95 32 8 79 4 27 55 34 67 18 33 58 49 45 39 14 15 37 74 65 72 16 6 76 7 35 48 97 83 62 86 5 53 13 96 88 87 17 31 84 11 25 41 92 22 63 21 75 61 0 24 54 9 90 42 29 89 10 77 26 70 81 30 98 51 52 94 73 19 91 3 2 12 56 43 60 28 38 99 69 
TEST 41 ARG:71 1 9 59 84 22 34 31 66 94 64 41 32 86 50 53 3 6 21 14 63 91 19 55 99 51 48 82 11 26 56 2 79 49 4 78 45 39 13 85 35 61 52 5 8 23 87 76 73 95 60 67 65 81 17 0 33 54 7 70 93 15 72 16 44 12 46 92 25 58 10 42 30 74 29 40 36 69 18 27 90 80 83 57 97 77 38 43 28 88 98 62 75 68 89 47 37 20 24 96 
TEST 42 ARG:77 94 68 33 27 65 83 22 35 41 6 49 9 48 99 75 8 12 21 72 36 70 67 44 45 91 55 85 66 46 5 40 60 30 29 7 96 84 93 63 0 64 51 43 86 37 28 54 4 82 20 50 80 69 10 79 56 74 52 71 23 1 31 87 32 98 89 59 97 57 90 95 38 26 47 18 88 19 25 73 11 17 76 53 13 16 78 61 2 62 81 3 39 42 14 92 15 58 24 34 
TEST 43 ARG:59 21 40 19 80 66 14 37 35 18 88 4 61 48 30 96 60 50 64 76 53 36 55 77 43 29 6 67 90 0 86 47 78 39 79 89 84 1 17 2 28 65 71 10 44 15 27 83 58 91 41 54 49 33 63 69 34 46 7 24 85 98 20 22 12 32 73 99 56 42 82 38 3 5 92 68 23 13 97 26 25 93 31 94 87 57 52 72 8 95 51 9 81 74 45 70 11 62 16 75 
TEST 44 ARG:48 71 69 44 86 37 43 97 47 74 65 0 79 85 11 68 54 18 90 96 55 15 57 84 20 17 63 88 81 32 72 13 21 19 51 7 49 56 73 93 31 14 2 58 66 40 9 87 22 27 83 30 26 62 67 60 6 80 29 92 53 89 16 3 33 1 41 70 12 78 52 10 34 45 75 46 42 77 36 5 38 61 99 98 24 8 64 4 23 59 82 28 50 95 25 94 91 35 76 39 
TEST 45 ARG:78 73 46 91 90 27 45 96 37 83 97 76 85 93 52 87 49 13 94 18 81 10 32 11 56 2 33 6 53 12 68 71 67 25 98 4 72 62 61 15 5 21 89 23 77 14 17 40 24 36 16 41 26 47 1 30 50 28 54 92 39 70 31 44 75 51 66 0 29 86 80 74 82 58 99 79 38 84 48 22 55 43 3 95 63 9 88 57 69 42 60 35 34 19 65 64 59 7 8 20 
TEST 46 ARG:94 75 47 28 87 71 83 44 19 58 73 37 14 54 25 34 43 53 2 82 81 12 63 22 62 96 90 45 92 0 38 64 10 95 74 91 33 7 78 56 85 35 61 77 68 89 72 4 27 9 98 60 18 50 1 16 67 40 36 39 26 15 79 13 55 86 11 23 6 57 30 93 31 41 49 46 32 84 80 48 76 3 52 65 21 5 8 51 17 70 99 20 59 24 66 69 42 97 88 29 
TEST 47 ARG:13 95 96 9 51 77 35 78 10 63 26 67 69 53 72 55 48 38 57 70 83 36 62 54 66 52 61 15 2 46 6 71 50 5 73 1 87 25 23 20 74 8 86 64 91 93 45 60 49 98 17 18 29 32 75 76 24 79 31 68 88 82 34 22 7 47 89 65 39 11 85 43 33 37 94 97 84 4 58 3 99 21 0 28 41 14 92 12 90 30 81 27 44 40 16 59 19 80 56 42 
TEST 48 ARG:32 4 16 45 96 63 41 17 52 61 69 55 57 23 26 59 86 50 27 43 89 18 58 99 71 31 56 9 84 92 25 36 21 76 15 33 49 13 44 75 11 22 94 2 38 47 48 24 72 85 30 20 95 3 90 68 93 46 28 37 78 97 64 88 51 65 74 10 39 7 79 98 81 14 40 62 19 5 82 34 87 1 73 12 91 29 66 6 54 60 70 67 53 80 83 0 8 42 77 35 
TEST 49 ARG:85 17 71 19 84 24 66 75 22 20 61 12 47 5 69 56 50 96 76 48 16 49 59 53 14 51 36 30 88 3 98 99 32 15 95 94 34 86 0 26 82 25 13 6 10 28 70 65 2 9 91 45 21 64 54 8 44 93 78 72 67 41 18 89 74 60 52 57 62 33 29 39 35 46 83 55 11 92 31 77 97 81 23 27 37 79 87 73 68 42 4 43 90 1 80 63 58 40 7 38 
TEST 50 ARG:12 10 17 88 9 75 53 49 47 97 61 99 74 93 55 16 70 3 78 27 68 85 50 33 60 40 89 95 11 58 42 86 31 73 62 29 66 5 18 14 25 64 59 67 26 48 52 45 79 23 69 94 0 19 76 32 56 13 46 22 37 63 1 87 43 98 6 82 84 20 44 41 7 39 51 91 2 4 81 90 83 8 72 21 80 35 71 38 77 28 34 36 92 30 24 96 54 65 15 57 
TEST 51 ARG:88 16 14 8 74 71 89 20 25 82 98 67 22 11 75 37 49 50 10 17 19 6 12 24 26 46 56 91 68 95 4 21 51 3 23 81 31 29 41 7 18 57 38 66 28 2 5 97 47 15 27 62 83 43 42 76 40 55 85 36 77 80 96 34 93 32 39 92 30 33 61 65 94 72 84 53 13 60 78 99 90 9 0 70 79 86 45 35 59 58 73 52 44 54 87 69 63 48 64 1 
TEST 52 ARG:1 32 73 66 34 0 21 27 11 88 93 43 59 23 42 24 90 4 68 44 58 36 89 18 87 26 78 46 3 63 15 28 33 71 25 8 20 40 60 75 55 5 74 85 77 54 49 91 57 47 22 37 41 7 17 80 35 95 79 45 69 76 83 92 13 2 39 70 98 14 94 52 62 61 29 64 96 84 9 12 6 53 72 86 97 56 65 81 99 10 38 19 82 51 16 48 67 31 30 50 
TEST 53 ARG:58 1 57 61 24 62 96 28 75 68 11 83 79 17 59 14 97 81 6 15 90 52 63 87 56 22 74 27 50 7 5 29 80 37 36 25 64 95 45 8 66 99 18 10 60 70 0 47 30 98 3 26 76 72 44 69 46 39 33 20 34 21 92 89 40 19 73 16 9 32 85 86 51 91 42 55 53 38 93 67 78 84 12 82 54 94 35 65 13 31 71 43 48 2 23 77 49 88 41 4 
TEST 54 ARG:71 56 43 72 4 97 98 47 68 22 92 41 37 93 73 33 78 45 67 5 46 15 1 57 50 38 16 61 91 81 39 2 51 90 31 44 23 35 65 25 53 34 3 27 79 42 95 85 84 60 36 74 18 75 14 69 83 62 13 96 82 52 20 19 87 6 29 66 49 86 0 40 9 58 55 21 59 8 11 24 30 94 70 77 17 76 26 10 89 80 48 88 54 64 28 7 63 99 32 12 
TEST 55 ARG:65 34 97 4 76 28 11 80 23 10 77 90 79 40 95 49 16 13 5 93 12 99 55 30 59 8 61 33 36 48 0 18 42 46 44 73 1 20 47 32 2 31 82 38 14 88 60 26 37 69 86 21 98 19 51 66 57 70 74 92 24 43 91 72 17 64 56 45 25 35 9 54 15 63 50 7 22 87 75 3 68 94 29 52 53 58 84 67 96 78 6 89 71 39 62 41 85 27 83 81 
TEST 56 ARG:19 46 33 85 26 50 36 87 45 0 21 57 16 61 28 27 67 72 13 9 35 8 23 66 65 22 37 79 49 78 96 77 56 39 34 10 14 4 64 55 82 41 6 69 97 95 3 29 32 60 86 59 81 40 73 18 42 71 47 20 5 91 62 12 25 1 76 74 52 43 89 30 68 63 98 83 17 7 53 94 44 92 70 51 90 48 88 58 54 80 99 93 11 2 75 24 84 38 31 15 
TEST 57 ARG:74 55 14 72 21 83 41 77 26 3 35 11 47 44 88 42 70 34 37 96 18 13 60 40 22 16 7 64 73 53 0 15 81 86 58 85 36 29 33 46 4 90 92 51 5 68 52 10 57 38 54 25 66 62 95 6 99 27 87 59 24 12 63 48 76 80 32 30 2 84 91 79 20 56 75 71 98 28 23 93 31 19 67 61 94 89 49 45 9 65 50 43 82 97 17 1 8 78 69 39 
TEST 58 ARG:25 79 69 59 27 2 54 46 86 30 28 18 39 72 43 82 13 85 78 77 57 7 53 34 22 50 8 11 99 29 37 3 65 74 75 56 94 45 20 68 67 38 81 64 87 44 19 93 0 16 89 52 21 76 83 33 58 70 98 12 17 42 51 97 63 40 95 36 31 23 26 66 24 91 1 14 71 10 96 6 88 47 84 32 35 48 41 55 80 15 73 4 9 49 62 60 90 61 92 5 
TEST 59 ARG:92 78 68 30 46 36 70 72 28 41 38 6 66 58 27 82 11 42 85 81 71 43 1 10 57 75 14 63 13 35 48 26 8 18 22 50 16 29 47 53 91 97 73 0 89 55 99 51 56 98 83 17 19 9 52 93 54 61 67 12 96 88 59 90 39 4 25 31 34 74 32 45 95 7 77 62 44 24 84 21 60 37 5 65 33 2 69 86 40 80 94 20 23 79 76 3 49 15 87 64 
TEST 60 ARG:59 33 89 13 29 56 21 79 37 90 65 42 31 91 26 50 32 48 28 63 88 24 99 2 54 49 93 52 75 51 40 36 60 41 7 30 4 15 55 25 69 16 22 85 1 67 6 20 84 35 53 64 66 62 8 10 45 5 76 47 78 72 68 81 38 11 57 96 44 86 61 87 97 43 46 94 71 9 73 80 23 95 18 92 98 70 82 77 17 74 27 34 14 0 39 12 83 3 58 19 
TEST 61 ARG:25 14 10 83 6 42 15 32 77 61 37 98 64 33 21 94 26 43 44 82 67 75 54 34 30 96 99 1 86 50 5 24 73 76 68 41 31 8 65 16 45 81 60 20 12 4 38 29 78 66 92 69 56 70 18 91 13 17 52 53 3 22 47 39 93 89 62 36 71 0 88 59 28 35 55 85 19 23 49 7 46 72 74 97 90 48 87 27 40 95 80 79 2 9 58 63 57 51 84 11 
TEST 62 ARG:97 60 62 59 99 76 56 88 93 78 43 10 32 58 83 65 74 23 68 1 31 71 89 61 12 28 18 87 36 92 81 22 24 49 82 84 13 20 8 75 98 52 37 86 19 6 91 54 94 80 67 26 4 51 5 50 25 48 79 96 29 46 34 39 17 45 53 27 0 69 90 30 57 95 77 9 85 66 35 55 2 70 11 72 73 64 16 47 63 44 41 15 14 40 7 42 38 3 33 21 
TEST 63 ARG:84 51 38 67 11 42 14 96 93 46 89 91 57 65 79 2 40 56 98 59 35 94 62 1 71 81 69 41 16 99 0 17 92 33 50 70 48 86 61 25 95 55 30 8 23 18 22 32 6 15 9 64 66 29 73 77 54 88 13 97 83 60 74 37 72 10 39 52 12 80 58 24 47 28 3 63 20 76 49 43 36 5 87 34 85 31 7 26 82 4 45 53 68 27 78 19 90 44 21 75 
TEST 64 ARG:6 25 92 54 61 57 79 10 67 28 29 36 23 30 15 87 89 70 75 68 16 43 0 77 93 73 7 88 62 19 40 51 31 84 99 38 55 94 34 49 95 1 41 27 44 37 59 48 53 17 63 71 24 3 85 35 66 22 80 5 83 86 33 90 45 58 8 76 32 42 74 52 78 13 11 39 91 97 81 18 60 98 65 20 26 9 50 14 2 46 56 82 72 69 12 21 47 64 96 4 
TEST 65 ARG:28 20 61 68 37 6 70 18 5 23 74 79 49 58 66 54 83 64 14 29 19 87 77 16 65 67 12 57 56 47 91 78 1 50 88 45 22 89 4 59 52 38 34 25 44 42 71 21 30 82 40 36 53 85 31 94 33 60 80 75 3 43 73 11 26 39 86 7 46 55 96 93 90 76 9 51 13 15 99 8 24 63 97 81 0 48 92 32 41 17 2 69 95 10 27 98 62 84 35 72 
TEST 66 ARG:3 30 99 79 2 63 93 36 80 34 62 21 82 94 10 28 50 23 60 59 74 33 29 89 48 72 13 54 49 8 61 19 51 35 68 88 98 46 85 90 31 44 81 69 84 27 96 87 91 76 16 15 56 32 40 65 38 6 24 92 47 5 9 12 73 55 42 57 26 64 4 95 45 52 17 97 53 83 11 18 20 1 22 14 67 75 66 78 37 77 70 41 43 25 86 7 71 39 58 0 
TEST 67 ARG:26 0 87 82 46 34 66 76 59 8 1 78 43 27 63 31 11 94 96 15 52 77 60 51 19 23 2 88 92 14 71 74 98 67 36 42 99 28 50 17 45 55 25 84 29 65 37 35 91 62 22 86 9 58 39 3 16 18 44 33 72 5 48 30 83 89 53 61 95 40 68 47 69 38 93 41 81 21 4 64 6 73 32 80 75 57 90 79 13 12 54 85 70 97 7 56 24 10 20 49 
TEST 68 ARG:89 38 43 4 7 16 76 37 9 44 45 99 91 24 32 28 84 50 95 25 60 42 0 62 34 58 64 48 68 18 36 72 63 40 77 15 67 73 92 65 85 26 23 56 5 61 19 81 41 71 54 33 30 69 11 80 86 94 78 87 59 14 97 12 39 31 35 3 90 46 75 52 29 21 83 79 20 82 6 22 55 70 8 74 96 88 51 17 93 2 57 1 27 98 13 66 47 49 53 10 
TEST 69 ARG:89 68 82 11 7 52 50 96 66 95 0 35 21 73 90 47 34 39 22 56 92 94 40 29 4 85 91 83 97 62 32 8 44 18 17 57 31 69 48 42 74 46 51 12 1 84 38 27 87 3 13 2 54 60 23 80 30 26 15 61 59 24 86 78 64 41 5 45 93 10 20 79 71 77 43 58 55 33 63 70 81 72 75 16 36 65 99 19 37 53 25 88 6 98 67 76 14 49 28 9 
TEST 70 ARG:51 22 1 45 60 94 13 88 50 34 27 65 26 10 87 29 97 61 33 6 41 72 32 3 91 84 93 30 81 55 54 16 9 2 4 80 20 78 43 71 42 47 75 68 18 66 17 92 63 15 36 49 38 25 40 19 79 46 64 58 44 7 67 77 89 52 99 76 73 37 39 98 23 90 56 74 48 11 28 83 24 95 35 86 31 82 53 70 69 0 12 62 5 21 96 8 59 14 85 57 
TEST 71 ARG:98 18 94 32 27 28 7 97 3 88 46 87 89 15 68 59 8 63 31 77 96 37 38 29 76 70 65 23 66 33 2 58 82 42 61 34 67 12 9 20 35 26 80 47 11 75 55 56 69 30 62 49 39 36 64 14 86 0 4 99 57 54 5 16 92 72 43 22 90 13 85 74 84 17 10 53 91 79 93 44 52 83 50 19 51 78 95 24 45 41 81 25 71 48 21 1 6 40 73 60 
TEST 72 ARG:94 60 43 91 97 12 74 17 23 20 9 45 21 87 34 27 76 67 86 96 83 31 33 36 99 69 46 47 49 64 22 11 72 93 4 58 54 98 40 26 78 39 66 7 0 55 41 44 84 61 5 73 53 70 16 30 90 24 19 32 92 80 51 81 59 3 68 95 85 56 25 13 57 75 42 50 28 6 15 79 82 29 62 71 2 52 89 65 37 48 63 14 8 18 38 10 35 88 1 77 
TEST 73 ARG:65 20 60 12 69 75 70 92 41 67 11 95 49 51 97 99 44 72 64 27 13 33 52 96 16 94 42 74 40 1 36 88 19 91 53 10 98 76 55 26 18 4 35 68 71 56 82 79 93 29 54 8 21 2 37 78 86 6 15 62 84 24 28 58 80 85 73 31 14 39 32 3 47 48 43 46 66 0 81 63 83 9 38 30 50 57 77 17 87 45 7 25 90 59 23 22 89 61 34 5 
TEST 74 ARG:33 3 80 8 54 82 93 23 65 26 42 2 76 92 10 88 70 85 71 73 7 58 14 64 52 50 19 81 36 62 37 12 91 66 22 41 40 83 18 98 77 45 67 78 56 16 0 89 49 74 28 60 47 29 68 11 99 34 24 57 94 87 95 25 90 21 48 63 86 75 55 17 61 6 30 1 15 46 69 44 32 59 97 51 27 79 20 13 35 84 4 53 72 5 38 9 43 96 31 39 
TEST 75 ARG:57 45 0 71 14 56 69 26 87 93 11 77 60 30 78 61 66 64 62 19 95 38 49 2 18 50 63 23 22 10 54 46 65 92 31 51 13 86 98 74 1 39 34 70 79 91 99 7 20 52 53 44 3 55 85 81 47 96 72 27 59 90 88 9 97 58 42 33 35 24 21 80 83 4 8 36 6 73 94 40 16 84 12 43 89 82 76 5 41 28 67 29 37 25 32 15 17 48 68 75 
TEST 76 ARG:19 57 61 60 21 99 55 49 20 5 80 6 38 62 70 52 87 76 85 0 51 63 67 98 90 89 77 73 56 88 47 11 91 81 78 93 10 59 26 36 39 16 53 22 86 50 54 71 33 45 30 29 97 40 84 66 23 43 15 68 18 3 24 1 58 65 4 2 96 32 79 25 8 46 74 48 42 35 92 9 69 31 37 14 17 82 28 94 95 44 41 12 13 83 64 75 7 34 27 72 
TEST 77 ARG:97 16 98 58 37 40 78 90 87 4 83 22 49 46 0 12 80 84 7 50 2 14 70 19 17 62 43 42 35 59 99 27 39 6 61 75 31 29 25 96 52 73 95 56 88 18 47 10 26 51 15 54 41 38 33 93 69 45 76 5 65 28 20 68 36 91 8 55 3 64 48 72 81 92 74 23 34 79 85 86 44 32 53 30 66 24 67 9 89 1 57 94 13 71 60 11 21 82 77 63 
TEST 78 ARG:69 2 41 32 86 65 75 67 7 5 20 84 93 11 79 95 88 44 58 73 50 46 19 78 12 56 49 52 39 24 87 54 98 23 36 6 59 42 43 96 61 31 37 83 68 53 62 99 77 10 45 92 1 35 64 27 82 4 25 94 8 48 29 30 74 21 47 18 81 90 71 16 51 97 80 76 85 22 72 9 57 33 91 60 14 28 89 26 15 70 66 3 0 63 38 17 40 13 34 55 
TEST 79 ARG:37 64 77 67 40 72 68 42 59 22 25 29 9 46 44 50 28 63 73 52 6 53 3 60 88 10 90 85 62 43 32 17 14 80 15 55 93 18 31 41 8 21 4 34 33 66 47 11 96 23 91 27 0 36 98 5 78 54 2 87 92 19 13 94 86 30 95 79 20 97 49 70 84 56 83 81 38 76 1 89 7 39 69 58 99 65 16 26 82 35 57 48 61 75 24 74 45 51 71 12 
TEST 80 ARG:7 49 57 12 83 92 5 80 34 73 42 38 28 13 53 75 25 78 61 17 89 54 37 45 2 94 87 27 91 56 32 58 74 6 77 20 19 15 63 10 51 76 88 23 39 29 84 99 90 95 41 65 30 66 59 24 96 70 71 9 62 33 8 98 81 93 48 46 40 43 11 79 47 55 72 0 86 69 4 44 97 35 85 68 64 16 21 14 50 67 82 1 18 52 22 36 31 3 60 26 
TEST 81 ARG:29 69 98 18 76 4 14 8 75 41 62 65 37 33 95 34 72 66 60 24 12 63 35 49 15 17 50 45 99 52 73 27 53 26 11 55 6 81 86 44 57 25 91 80 84 46 89 94 19 92 5 2 31 23 64 10 93 83 82 78 9 74 48 96 42 58 30 51 56 3 36 28 1 20 88 67 77 39 21 59 90 70 13 16 85 68 61 97 79 32 71 47 7 38 40 0 22 87 43 54 
TEST 82 ARG:53 21 99 96 85 27 29 37 22 79 86 51 42 7 54 47 67 81 48 71 72 44 40 9 26 14 89 62 49 1 4 46 94 55 13 18 25 33 80 84 38 45 50 74 12 59 68 32 82 8 92 66 23 41 78 64 15 60 28 76 65 75 3 63 36 30 98 17 83 69 5 73 2 0 90 24 16 52 6 87 61 10 93 11 58 88 43 91 57 56 95 97 20 35 19 31 77 70 39 34 
TEST 83 ARG:2 47 64 78 92 54 60 40 9 76 19 6 99 10 71 31 69 55 17 68 77 30 49 34 32 13 25 88 91 15 74 21 65 28 11 36 57 22 95 94 85 39 59 81 89 44 79 73 50 96 24 82 27 38 66 52 46 58 8 29 37 16 67 86 61 56 43 12 90 23 63 26 4 14 83 80 70 45 51 87 7 33 35 93 53 84 97 20 41 48 1 98 5 18 62 0 42 72 75 3 
TEST 84 ARG:62 30 24 19 5 37 66 10 79 35 95 78 49 44 57 23 7 98 70 65 59 51 97 94 88 11 4 80 87 43 40 64 56 74 61 99 68 20 42 3 82 18 46 53 52 71 72 16 73 9 54 69 25 84 75 27 93 83 55 81 6 38 29 96 22 12 28 39 45 15 47 90 13 63 36 91 32 26 58 31 17 1 85 0 60 67 50 92 48 33 14 34 21 86 8 76 77 2 41 89 
TEST 85 ARG:75 24 37 85 25 36 27 88 76 68 89 71 58 69 29 49 99 97 17 59 33 64 34 30 10 26 1 45 87 81 79 4 53 95 72 74 0 7 2 57 73 48 63 38 19 22 91 62 14 16 94 5 39 11 32 15 98 8 42 82 90 44 21 28 50 18 70 66 43 83 51 54 67 55 84 12 52 65 41 80 35 20 93 46 77 3 61 78 47 9 13 92 23 96 40 86 6 31 56 60 
TEST 86 ARG:1 61 97 17 42 33 83 0 32 41 62 36 63 98 66 79 31 19 96 23 21 24 16 7 10 26 4 71 77 13 29 70 43 14 2 78 85 76 53 86 65 68 50 12 75 92 55 35 60 44 59 57 30 20 40 25 54 80 3 6 5 46 34 94 82 93 72 90 88 28 27 37 8 89 52 11 95 15 99 81 18 39 9 47 64 49 38 48 74 22 87 67 84 45 91 73 69 58 56 51 
TEST 87 ARG:19 18 36 95 12 77 35 73 3 75 59 93 97 8 70 69 1 13 98 21 71 99 68 0 39 52 82 24 89 94 28 79 85 10 37 29 60 4 15 44 17 11 41 16 87 27 63 57 64 80 51 22 83 45 34 42 14 62 58 20 31 50 2 96 49 92 6 74 23 26 38 53 30 86 9 61 65 32 67 72 43 40 47 76 91 55 54 78 88 81 84 46 7 33 66 25 5 48 90 56 
TEST 88 ARG:63 21 8 4 99 42 97 26 29 78 48 67 7 57 10 13 6 19 41 50 69 79 46 32 89 39 16 34 51 53 92 9 28 77 95 38 83 27 56 71 60 36 94 31 23 43 52 74 54 73 44 93 98 76 62 91 58 80 35 1 18 45 22 55 3 0 37 15 66 90 64 84 11 30 12 86 2 75 68 25 61 96 49 59 17 82 81 5 72 40 33 20 88 14 47 87 24 85 70 65 
TEST 89 ARG:99 74 88 47 69 55 46 0 37 35 96 87 26 60 71 12 59 21 39 51 53 72 90 85 16 68 24 65 98 82 32 9 11 84 58 61 2 56 42 43 89 75 28 31 95 45 27 1 13 36 17 22 14 15 25 49 30 33 5 81 76 41 64 54 4 63 94 57 77 20 70 50 38 97 10 3 91 44 83 6 34 66 40 18 86 7 92 79 48 62 67 93 29 52 19 78 23 80 73 8 
TEST 90 ARG:0 86 71 73 82 83 25 91 69 32 11 72 68 99 28 97 80 4 40 81 88 38 16 56 92 57 51 6 64 37 65 36 31 46 94 87 67 3 42 63 14 54 76 17 34 89 60 58 70 24 75 84 33 85 48 20 95 12 53 27 45 2 9 52 10 8 49 78 61 26 77 47 79 15 55 7 50 23 35 62 13 90 22 18 98 66 44 74 30 59 39 21 29 5 96 41 1 93 43 19 
TEST 91 ARG:52 75 44 35 45 1 55 65 91 8 31 78 23 39 97 87 58 15 2 24 86 85 68 27 88 59 40 19 36 17 42 92 79 13 29 56 90 83 49 10 50 47 21 89 46 60 7 48 25 81 4 41 74 73 76 99 11 72 18 94 37 66 16 71 63 43 82 62 32 70 33 64 80 96 34 69 98 84 0 61 38 26 6 95 93 20 28 54 14 9 77 3 5 53 67 22 12 57 51 30 
TEST 92 ARG:94 43 6 47 17 89 52 71 37 23 86 33 3 81 36 31 88 20 35 73 12 45 64 11 48 68 72 61 51 85 67 9 87 28 60 83 25 34 93 62 7 41 44 98 84 95 21 79 70 74 0 39 66 53 59 29 65 82 1 4 97 69 18 92 58 49 90 19 42 54 55 32 76 99 38 10 77 56 75 14 26 16 80 8 24 50 2 13 91 22 15 46 96 30 27 57 63 5 40 78 
TEST 93 ARG:54 19 99 70 24 71 10 69 76 27 25 4 38 95 45 33 2 51 68 47 62 40 14 18 84 7 82 59 53 0 56 12 39 75 66 8 50 5 11 92 29 35 21 49 80 91 48 93 85 42 34 64 57 55 30 79 86 31 46 1 22 90 36 87 9 20 94 97 78 6 52 26 60 67 32 37 15 23 74 73 89 81 17 3 16 63 98 61 77 88 72 28 96 13 65 43 83 41 44 58 
TEST 94 ARG:89 67 97 50 28 49 99 68 8 24 21 85 34 87 64 3 53 44 26 57 41 25 5 60 55 33 69 29 73 74 83 79 62 16 23 31 0 38 2 56 66 86 37 32 92 70 30 95 96 39 71 40 58 27 76 13 77 11 52 98 6 51 19 75 72 93 65 63 35 80 91 78 54 88 81 59 42 4 48 14 10 46 47 90 9 61 84 7 20 36 82 12 1 18 22 15 94 17 43 45 
TEST 95 ARG:84 30 24 32 85 73 61 99 28 47 50 48 82 93 46 45 22 80 67 33 36 62 21 98 59 26 64 66 25 72 4 42 2 1 38 17 6 65 92 15 0 35 86 8 43 29 52 58 10 14 97 40 75 87 34 89 31 77 90 37 94 20 68 12 79 69 51 91 23 49 71 11 41 60 76 55 9 78 27 7 18 54 13 95 44 39 56 88 16 19 63 81 96 74 70 5 53 57 3 83 
TEST 96 ARG:79 61 98 43 71 34 74 49 64 14 59 48 96 85 44 73 92 52 41 63 39 3 66 17 15 47 99 25 90 95 19 94 29 78 8 77 65 22 1 80 27 13 46 53 89 26 30 50 42 35 75 88 20 38 24 68 12 7 40 86 69 0 67 32 82 5 36 57 23 55 2 6 18 70 9 87 28 76 60 51 10 62 58 45 31 97 4 37 33 84 72 16 54 83 56 81 91 93 11 21 
TEST 97 ARG:83 62 63 81 52 49 72 33 64 90 3 93 32 87 53 36 97 99 86 71 18 27 2 5 61 45 38 55 42 17 1 60 14 91 4 89 59 84 25 22 92 66 68 77 88 74 15 34 12 37 8 19 39 21 23 78 85 57 40 11 13 50 46 75 28 9 58 30 29 54 76 95 20 47 7 73 26 24 69 79 70 80 35 56 44 96 6 16 98 48 10 65 67 31 41 0 43 82 51 94 
TEST 98 ARG:58 67 48 46 64 0 90 34 79 80 60 54 43 33 68 84 12 27 26 14 65 49 8 7 76 70 86 41 10 5 15 29 4 88 96 17 51 6 22 91 74 69 32 2 55 28 31 59 85 11 57 63 92 62 89 77 47 18 73 44 94 1 82 35 20 97 21 52 38 30 36 40 53 45 93 66 78 95 61 75 25 71 3 24 39 87 50 16 98 13 42 83 37 99 72 56 81 9 19 23 
TEST 99 ARG:47 90 7 94 29 30 28 12 48 8 51 49 89 78 58 72 31 35 14 87 41 0 74 66 54 44 39 6 18 56 20 17 62 95 76 5 25 64 24 55 61 67 52 91 11 98 85 32 65 27 88 63 36 60 42 34 33 59 37 9 69 4 19 16 70 43 77 83 21 3 71 38 50 79 40 10 45 75 2 99 86 92 93 73 23 81 68 46 82 53 1 96 26 22 97 57 13 15 80 84 
TEST 100 ARG:3 0 65 24 47 56 46 66 60 58 48 67 30 59 38 23 39 87 93 25 44 81 96 5 43 52 57 64 6 92 98 27 19 1 10 20 97 69 8 16 73 90 80 28 99 11 45 4 68 17 77 14 86 40 49 94 95 63 54 33 76 18 61 79 26 75 72 42 36 32 15 78 88 2 85 74 83 7 84 55 37 29 89 31 51 41 70 21 9 91 53 71 22 50 13 82 12 35 34 62 
TEST 101 ARG:59 38 60 0 55 73 49 50 77 6 76 61 33 32 51 44 9 5 28 45 40 78 12 69 71 7 48 20 79 17 46 66 98 95 63 90 53 82 57 30 27 83 31 11 35 42 15 85 64 1 19 24 72 22 81 99 65 96 34 97 18 67 91 94 88 13 26 87 54 16 62 74 14 25 52 58 8 75 36 4 68 93 2 86 84 47 37 21 70 3 56 80 39 89 23 10 41 43 92 29 
TEST 102 ARG:24 87 25 6 16 15 54 73 94 90 50 26 19 1 85 55 86 33 46 74 27 89 47 2 95 20 29 30 17 99 88 11 42 52 61 49 80 5 57 32 59 35 98 44 65 70 79 36 81 68 77 38 31 51 21 69 82 72 28 9 14 76 18 91 60 63 96 4 66 3 64 71 67 75 56 39 93 7 84 92 40 12 8 62 22 43 78 37 34 45 83 13 41 58 53 10 97 23 48 0 
TEST 103 ARG:32 42 95 87 7 37 85 73 12 93 60 51 20 55 11 77 97 53 17 75 22 67 34 61 63 74 92 21 29 47 3 14 40 36 16 70 19 18 68 23 65 41 39 71 45 66 96 64 1 99 0 28 38 46 2 88 33 25 24 94 4 62 27 58 91 49 69 56 90 52 81 76 57 43 89 72 35 86 5 6 44 26 82 31 10 9 59 80 78 54 13 30 50 84 79 8 48 98 15 83 
TEST 104 ARG:82 42 17 44 58 15 16 79 21 54 87 7 81 59 37 0 68 63 12 73 92 5 50 88 3 1 26 52 22 62 32 14 57 46 53 78 65 71 85 41 93 9 4 24 83 77 38 11 33 61 29 60 86 45 94 67 49 13 64 90 70 19 66 20 27 74 30 47 97 91 51 40 84 72 75 18 98 10 23 99 35 31 80 36 8 76 6 2 69 39 28 95 48 89 96 55 56 25 43 34 
TEST 105 ARG:15 78 2 57 40 20 41 14 19 68 48 93 67 31 49 47 75 39 88 5 74 6 22 87 1 54 32 60 84 11 51 18 55 29 85 17 10 52 16 98 0 27 38 46 66 53 99 4 21 92 30 82 81 26 50 97 36 86 69 43 89 72 76 96 33 23 79 28 83 35 13 70 59 24 42 90 77 64 44 91 71 25 56 65 61 73 94 3 58 8 9 7 45 62 95 80 34 63 12 37 
TEST 106 ARG:70 30 92 41 60 72 55 18 45 48 68 15 37 87 79 52 95 49 86 46 50 97 74 59 31 9 27 63 91 8 14 84 47 4 88 3 51 54 6 90 1 7 2 43 66 73 10 61 12 39 56 16 82 40 85 25 65 69 21 17 81 32 93 22 94 62 64 57 35 75 34 76 20 23 83 71 42 13 29 33 98 26 44 53 58 80 36 77 24 89 99 96 11 38 78 5 28 0 67 19 
TEST 107 ARG:96 84 60 47 23 10 41 38 76 49 52 30 57 39 3 11 86 66 63 4 80 97 48 40 62 43 88 77 8 95 19 51 91 36 61 70 99 94 37 0 22 12 21 44 34 9 75 1 27 65 72 17 7 46 53 20 16 81 83 64 2 33 78 14 32 42 24 90 69 26 87 59 89 58 56 54 85 45 29 92 13 79 55 68 98 15 6 74 71 31 82 5 50 18 28 73 67 93 25 35 
TEST 108 ARG:64 26 54 70 80 85 97 77 21 53 46 87 12 89 3 16 59 99 67 36 55 56 51 9 7 27 96 48 11 39 42 34 65 0 10 78 24 79 93 6 31 29 18 82 95 33 98 69 60 30 57 47 58 19 4 52 88 83 84 38 35 17 73 62 14 92 2 81 44 28 25 13 63 61 91 74 5 75 72 37 71 40 50 49 20 94 15 45 41 86 90 66 32 43 76 1 23 22 8 68 
TEST 109 ARG:9 88 55 30 83 77 34 49 36 2 35 84 68 11 7 46 12 13 82 21 54 56 81 76 4 38 22 6 28 73 93 18 69 58 37 33 45 1 47 92 53 51 0 99 42 79 96 67 59 40 90 75 94 5 85 19 52 44 95 87 71 80 61 65 39 17 72 57 89 23 3 66 16 26 25 48 15 24 41 62 14 10 86 29 64 63 50 31 74 97 20 27 78 91 98 8 60 32 70 43 
TEST 110 ARG:47 19 21 81 54 14 25 72 96 97 51 28 77 1 0 8 42 66 22 90 10 58 98 55 20 7 88 56 16 91 30 75 37 84 87 70 73 57 34 24 23 82 33 13 65 6 61 99 18 49 31 71 4 79 59 46 50 63 36 74 53 83 86 3 67 11 93 64 69 48 85 95 94 26 2 43 78 45 62 60 44 52 39 32 41 17 89 29 40 76 35 15 92 9 80 38 12 5 27 68 
TEST 111 ARG:73 75 77 37 65 35 6 47 68 25 33 60 36 66 88 71 94 11 10 1 32 43 14 82 89 39 34 9 87 57 8 30 92 5 97 55 96 22 29 90 62 79 86 7 38 76 12 26 2 81 63 72 59 18 53 61 44 91 4 41 15 31 46 21 69 0 3 70 78 74 80 13 27 20 23 52 42 50 28 98 93 56 49 85 54 83 16 48 58 24 64 51 40 45 95 17 84 19 99 67 
TEST 112 ARG:60 71 26 41 85 15 69 47 40 35 44 53 76 79 8 45 25 21 24 29 55 72 11 23 1 38 22 58 0 56 67 34 57 93 97 37 14 20 63 52 42 51 43 87 19 98 2 99 80 28 61 17 81 75 70 27 13 4 86 94 30 95 88 92 65 62 96 82 18 33 54 31 68 64 36 7 48 66 84 77 74 10 39 89 3 5 73 6 9 46 12 91 78 83 32 90 59 50 49 16 
TEST 113 ARG:72 39 97 45 53 62 17 12 6 84 99 1 66 3 26 14 35 8 11 5 34 54 19 86 74 85 41 24 79 93 23 9 13 32 81 0 83 77 48 27 60 94 46 55 21 78 96 90 20 37 10 63 56 65 16 91 82 43 47 4 18 33 51 80 59 69 67 95 22 52 57 15 36 88 73 87 7 70 44 61 68 38 2 28 75 50 58 25 31 42 29 30 40 49 64 71 92 76 89 98 
TEST 114 ARG:34 49 62 95 94 5 73 81 84 46 8 10 78 86 96 90 48 66 88 72 33 21 56 23 25 39 38 37 82 59 4 44 74 65 22 20 35 45 80 91 63 79 28 3 67 51 27 31 40 30 97 92 70 29 2 36 61 11 58 98 18 43 64 1 6 76 55 26 99 14 12 9 15 24 53 42 50 77 93 75 19 71 60 7 32 89 0 83 17 13 57 16 85 69 41 87 68 52 54 47 
TEST 115 ARG:50 97 20 2 10 22 67 71 39 78 53 7 98 74 21 51 43 48 38 49 96 81 26 54 19 56 29 99 57 0 63 75 44 72 30 41 37 18 83 90 61 13 3 4 25 8 1 28 88 6 11 82 69 84 95 46 23 79 31 91 45 47 5 24 16 27 35 64 40 14 87 60 80 66 93 52 65 73 86 42 58 68 59 89 34 62 33 12 17 32 55 85 76 9 77 36 70 15 94 92 
TEST 116 ARG:57 43 56 58 26 16 46 70 5 74 90 81 42 35 85 3 8 36 30 48 6 39 11 91 77 41 99 45 51 68 24 50 61 62 80 31 13 63 94 25 4 83 73 79 34 21 49 53 96 67 7 87 0 12 89 18 71 15 54 52 75 27 66 23 1 76 84 29 19 37 32 88 44 98 10 60 72 14 40 20 65 95 59 9 2 78 69 64 28 93 47 22 55 86 17 92 82 97 33 38 
